1 15
2 54
2 50
2 44
2 56
2 14
2 26
2 36
3 108
3 24
3 45
3 40
3 80
3 96
3 44
3 33
3 112
3 84
3 60
3 105
3 49
3 72
3 48
3 125
3 120
3 13
3 81
4 36
4 162
4 120
4 12
4 84
4 42
4 180
4 100
4 144
4 64
4 160
4 22
4 126
4 90
4 96
4 192
4 40
4 112
4 54
4 150
4 70
4 72
4 30
5 84
5 60
5 11
5 100
5 63
5 135
5 64
5 27
5 80
5 56
5 243
5 128
5 180
5 96
5 144
5 20
5 112
5 216
5 160
5 36
5 108
5 72
5 75
5 32
5 35
5 48
5 120
5 192
6 28
6 54
6 72
6 10
6 160
6 144
6 60
6 42
6 192
6 32
6 120
6 30
6 48
6 162
6 108
6 64
6 90
6 80
6 18
6 96
6 24
6 50
6 128
6 216
6 56
7 25
7 144
7 81
7 28
7 21
7 60
7 64
7 24
7 80
7 40
7 96
7 192
7 36
7 16
7 108
7 72
7 45
7 9
7 128
7 48
8 24
8 18
8 54
8 32
8 72
8 48
8 36
8 96
8 128
8 40
8 14
8 20
8 64
8 30
8 8
9 36
9 16
9 7
9 20
9 24
9 64
9 27
9 12
9 15
9 32
9 48
10 18
10 24
10 32
10 10
10 16
10 6
10 12
11 5
11 16
11 9
11 8
11 12
12 6
12 8
12 4
13 4
13 3
14 2
15 1
